County, North, East, South, West
Accomack:38.02783,-75.16643,37.45099,-76.23646
Albermarle:38.27792,38.06744,-78.52354,-78.83921
Alexandria:38.84499,-77.03736,38.78522,-77.14393
Alleghany:37.96014,37.81356,-80.00857,-80.29614
Amelia:37.49805,-77.6506,37.19246,-78.23968
Amherst:37.81371,-78.86924,37.38586,-79.43693
Appomattox:37.55254,-78.59444,37.20487,-79.01853
Arlington:38.93434,-77.03224,38.82868,-77.17217
Augusta:38.47784,38.09813,-78.94311,-79.53319
Bath:38.26555,-79.43694,37.84681,-80.05606
Bedford:37.61701,37.35593,-79.55612,-79.85716
Bland:37.30123,-80.85463,36.95242,-81.46173
Botetourt:37.79786,-79.49855,37.30918,-80.07375
Bristol:36.65003,36.67656,-82.24338,-82.12852
Brunswick:37.02358,-77.65595,36.54416,-78.0462
Buchanan:37.53798,-81.74012,37.04032,-82.31468
Buckingham:37.79671,-78.23972,37.3315,-78.83084
Buena Vista:37.76061,-79.32897,37.69665,-79.38063
Campbell:37.43307,-78.82421,37.02229,-79.44288
Caroline:38.25269,-77.07011,37.7763,-77.64223
Carroll:36.93178,-80.46016,36.55783,-81.04241
Charles City:37.4906,-76.87208,37.22294,-77.27157
Charlotte:37.24876,-78.44332,36.69791,-78.90459
Charlottesville:38.06744,-78.44909,38.0105,-78.52354
Chesapeake:36.86655,-76.06555,36.55045,-76.4915
Chesterfield:37.56263,-77.24417,37.21788,-77.87713
Clarke:39.26461,-77.82816,38.97948,-78.15198
Colonial Heights:37.29335,-77.36445,37.23316,-77.43173
Covington:37.81356,-79.9735,37.74961,-80.00857
Craig:37.65395,-79.9734,37.3149,-80.4756
Culpeper:38.69761,-77.61873,38.31078,-78.23198
Cumberland:37.74934,-78.07226,37.30232,-78.46509
Danville:36.64048,-79.30275,36.54082,-79.5188
Dickenson:37.30632,-82.1439,36.9565,-82.55383
Dinwiddie:37.26981,-77.39537,36.87398,-77.89982
Emporia:36.71823,-77.50888,36.67196,-77.56373
Essex:38.16193,-76.66818,37.7286,-77.16966
Fairfax:38.87059,38.84681,-77.31525,-77.33379
Falls Church:38.89516,-77.14979,38.87236,-77.19405
Fauquier:39.01365,-77.53091,38.40971,-78.13064
Floyd:37.12291,-80.11102,36.70872,-80.63399
Fluvanna:38.0064,-78.06248,37.69049,-78.49157
Franklin:36.70862,-76.90967,36.64805,-76.96943
Frederick:39.46601,39.20287,-78.20049,-78.54409
Fredericksburg:38.32633,-77.44709,38.27144,-77.53086
Galax:36.69596,-80.8783,36.62626,-80.94982
Giles:37.47481,-80.43336,37.14748,-81.01449
Gloucester:37.60317,-76.3045,37.23387,-76.7123
Goochland:37.90468,-77.61741,37.56263,-78.15932
Grayson:36.80642,-80.83795,36.55914,-81.67739
Greene:38.47551,-78.28592,38.18476,-78.66317
Greensville:36.8983,36.71823,-77.56373,-77.76712
Halifax:37.0615,-78.56447,36.54157,-79.21864
Hampton:37.12123,-76.13375,36.92477,-76.45062
Hanover:38.00803,-77.11004,37.5364,-77.79687
Harrisonburg:38.48724,-78.82473,38.39144,-78.91745
Henrico:37.7092,-77.17698,37.35503,-77.65399
Henry:36.85614,36.71464,-79.897,-80.09469
Highland:38.59151,-79.30858,38.18042,-79.81007
Hopewell:37.31733,-77.25274,37.25819,-77.33602
Isle of Wight:37.15383,-76.4453,36.64405,-76.93007
James City:37.27517,37.46708,-76.9133,-76.7405
King George:38.39927,-76.99767,38.14133,-77.34718
King William:37.90997,-76.78086,37.51759,-77.34523
King and Queen:37.97206,-76.64801,37.43131,-77.18695
Lancaster:37.83881,-76.15171,37.58508,-76.66818
Lee:36.89327,-82.77131,36.59373,-83.67541
Lexington:37.79475,-79.41531,37.76513,-79.46166
Loudoun:39.32454,-77.32624,38.84747,-77.96216
Louisa:38.15219,-77.68742,37.72972,-78.30661
Lunenburg:37.12009,-78.00364,36.77786,-78.49303
Lynchburg:37.46912,-79.08524,37.33258,-79.26606
Madison:38.62728,-78.08964,38.23157,-78.45292
Manassas:38.78141,38.75601,-77.48156,-77.52643
Manassas Park:38.78796,-77.42036,38.75481,-77.47599
Martinsville:36.71464,-79.82691,36.64424,-79.897
Mathews:37.54222,-76.1363,37.27836,-76.45163
Mecklenburg:36.89122,-78.02741,36.54094,-78.73916
Middlesex:37.77839,-76.14083,37.51031,-76.75107
Montgomery:37.13265,37.36675,-80.6135,-80.51943
Nelson:38.04756,-78.64138,37.53564,-79.17193
New Kent:37.62688,-76.74198,37.37766,-77.23452
Newport News:37.21944,-76.38263,36.93069,-76.64609
Norfolk:37.04089,-76.13387,36.82087,-76.34557
Northampton:37.55726,-75.59744,36.99071,-76.14083
Northumberland:38.03474,-76.17569,37.66985,-76.63423
Norton:36.95946,-82.58889,36.90525,-82.66029
Nottoway:37.29622,-77.79593,36.9839,-78.23935
Orange:38.39137,-77.70319,38.11744,-78.3698
Page:38.83015,-78.28488,38.42149,-78.6836
Patrick:36.87213,-80.04149,36.54248,-80.62451
Petersburg:37.24499,-77.331,37.16543,-77.45489
Pittsylvania:37.13261,-79.09226,36.54076,-79.71485
Poquoson:37.19197,-76.13494,37.09915,-76.41354
Portsmouth:36.95106,-76.28996,36.7878,-76.42037
Powhatan:37.69164,-77.65399,37.41483,-78.13205
Prince Edward:37.39797,-78.23123,37.07936,-78.69098
Prince George:37.31087,37.32101,-77.3992,-77.29716
Prince William:38.94263,38.78796,-77.52643,-77.7105
Pulaski:37.24491,-80.52182,36.879,-80.93063
Rappahannock:38.86491,-77.93545,38.52227,-78.33832
Richmond:38.11728,-76.50782,37.77839,-76.93745
Roanoke:37.42243,37.33714,-80.12034,-80.26205
Rockbridge:38.0861,37.76061,-79.38063,-79.68399
Rockingham:38.84918,38.48724,-78.91745,-79.22434
Russell:37.14255,-81.78054,36.70931,-82.40663
Salem:37.32268,-80.0138,37.25497,-80.12034
Scott:36.88455,-82.29381,36.59347,-82.98512
Shenandoah:39.10151,-78.3033,38.60472,-78.86928
Smyth:37.01621,-81.26162,36.63546,-81.83684
Southampton:36.99621,-76.81626,36.5438,-77.49322
Spotsylvania:38.37794,-77.3703,37.99116,-77.95482
Stafford:38.59213,-77.2862,38.24231,-77.63508
Staunton:38.19651,-79.01264,38.12204,-79.11352
Suffolk:36.94189,-76.39957,36.55041,-76.9301
Surry:37.2485,-76.64158,36.94445,-77.15577
Sussex:37.11203,-76.95355,36.70766,-77.61903
Tazewell:37.33804,-81.2251,36.93961,-81.90151
Virginia Beach:37.04089,-75.7975,36.55045,-76.22699
Warren:39.03628,-78.00417,38.75723,-78.38668
Washington:36.92901,36.65003,-82.12852,-82.33209
Waynesboro:38.09813,-78.85665,38.0318,-78.95016
Westmoreland:38.27805,-76.51637,37.96663,-77.06462
Williamsburg:37.30821,37.27517,-76.7405,-76.74218
Wise:37.20284,36.95946,-82.66019,-82.87852
Wythe:37.0734,-80.74048,36.75832,-81.37943
York:37.38014,-76.13552,37.09246,-76.75433
