County, North, East, South, West
Appling:31.96618,-82.04858,31.46936,-82.54744
Atkinson:31.42039,-82.62897,31.18307,-83.14052
Bacon:31.7108,-82.22658,31.41691,-82.62813
Baker:31.45474,-84.14112,31.0784,-84.64189
Baldwin:33.19038,-83.04472,32.92614,-83.42909
Banks:34.49119,-83.33792,34.1975,-83.66967
Barrow:34.12752,-83.53738,33.89515,-83.86675
Bartow:34.41305,-84.64461,34.0753,-85.04706
Ben Hill:31.85198,-82.99567,31.65208,-83.48453
Berrien:31.47604,-83.03468,31.0254,-83.43634
Bibb:32.95279,-83.4955,32.66098,-83.89226
Bleckley:32.5842,-83.13899,32.27249,-83.49804
Brantley:31.37372,-81.73169,31.01044,-82.28614
Brooks:31.07833,-83.30903,30.63441,-83.74373
Bryan:32.24131,-81.14031,31.71266,-81.78152
Bulloch:32.65136,-81.43514,32.15289,-82.03023
Burke:33.2916,-81.54183,32.80423,-82.31651
Butts:33.44451,-83.8088,33.18023,-84.12377
Calhoun:31.64363,-84.41525,31.42788,-84.82803
Camden:31.16959,-81.30435,30.71244,-81.93648
Candler:32.55688,-81.92214,32.26878,-82.25328
Carroll:33.81201,-84.80893,33.42551,-85.33823
Catoosa:34.98765,-84.97984,34.76764,-85.2651
Charlton:31.07547,-81.89646,30.35721,-82.42022
Chatham:32.23688,-80.75143,31.7052,-81.3917
Chattahoochee:32.53491,-84.63732,32.22095,-85.00556
Chattooga:34.58933,-85.10775,34.28618,-85.52726
Cherokee:34.41259,-84.25759,34.0733,-84.65923
Clarke:34.04057,-83.24086,33.84798,-83.53738
Clay:31.78046,-84.80041,31.48709,-85.14113
Clayton:33.64881,-84.24655,33.35246,-84.45892
Clinch:31.18414,-82.41888,30.58177,-82.97134
Cobb:34.08143,-84.37656,33.74351,-84.73959
Coffee:31.811,-82.59628,31.3639,-83.15109
Colquitt:31.33498,-83.50658,31.02591,-84.01384
Columbia:33.69943,-82.02824,33.35463,-82.44166
Cook:31.35036,-83.28013,31.02727,-83.57487
Coweta:33.51171,-84.4971,33.19117,-85.01536
Crawford:32.85714,-83.70109,32.52971,-84.20263
Crisp:32.0306,-83.60953,31.80349,-83.96128
Dade:34.98468,-85.36392,34.62386,-85.60516
Dawson:34.61792,-83.95708,34.33401,-84.34566
DeKalb:33.97056,-84.02371,33.6172,-84.35022
Decatur:31.0795,-84.37596,30.68999,-84.87105
Dodge:32.45083,-82.87486,31.90032,-83.37393
Dooly:32.29106,-83.6062,32.02794,-84.03307
Dougherty:31.65027,-83.98165,31.43593,-84.45591
Douglas:33.80624,-84.57813,33.5733,-84.91104
Early:31.51775,-84.6276,31.07259,-85.11248
Echols:30.87173,-82.57961,30.59155,-83.13662
Effingham:32.59542,-81.12319,32.09589,-81.54801
Elbert:34.28949,-82.56446,33.95573,-83.10207
Emanuel:32.83958,-82.00124,32.2928,-82.64773
Evans:32.27888,-81.71866,32.0479,-82.02534
Fannin:34.98841,-84.09259,34.60296,-84.62275
Fayette:33.55093,-84.38286,33.2565,-84.62612
Floyd:34.58748,-85.0056,34.07917,-85.46221
Forsyth:34.33516,-83.92553,34.05065,-84.25892
Franklin:34.53662,-83.05143,34.22384,-83.39853
Fulton:34.18614,-84.09769,33.50241,-84.85071
Gilmer:34.85547,-84.19524,34.54863,-84.65585
Glascock:33.32727,-82.43196,33.11895,-82.75585
Glynn:31.45302,-81.18256,30.99064,-81.78231
Gordon:34.63413,-84.64451,34.3852,-85.11132
Grady:31.07893,-84.07382,30.6758,-84.3807
Greene:33.76177,-82.95089,33.35503,-83.4062
Gwinnett:34.16787,-83.7991,33.75281,-84.27682
Habersham:34.82527,-83.33819,34.4317,-83.6816
Hall:34.51403,-83.61529,34.10097,-84.06284
Hancock:33.46918,-82.74619,33.05013,-83.27516
Haralson:33.9062,-85.03675,33.65221,-85.38658
Harris:32.8725,-84.68576,32.58323,-85.18456
Hart:34.4937,-82.77409,34.21036,-83.11565
Heard:33.42811,-84.93901,33.12956,-85.2938
Henry:33.64741,-83.92391,33.29774,-84.3544
Houston:32.69217,-83.48277,32.28262,-83.85659
Irwin:31.76964,-82.99836,31.47217,-83.50075
Jackson:34.29528,-83.35705,33.96591,-83.8176
Jasper:33.52622,-83.53374,33.13182,-83.8633
Jeff Davis:31.97169,-82.43068,31.67129,-82.83692
Jefferson:33.31327,-82.23311,32.76153,-82.66192
Jenkins:32.95368,-81.76754,32.60691,-82.14501
Johnson:32.82236,-82.43415,32.51251,-82.95707
Jones:33.18578,-83.35768,32.84487,-83.81606
Lamar:33.20282,-84.04092,32.93174,-84.27014
Lanier:31.18421,-82.9697,30.84471,-83.19799
Laurens:32.71534,-82.63868,32.15701,-83.22654
Lee:31.91604,-83.92249,31.62195,-84.33826
Liberty:32.08935,-81.04979,31.52098,-81.8244
Lincoln:33.98419,-82.21865,33.63775,-82.64545
Long:32.01488,-81.4918,31.53867,-81.98001
Lowndes:31.03196,-83.01942,30.62397,-83.47685
Lumpkin:34.74005,-83.83162,34.41839,-84.19083
McDuffie:33.65534,-82.29418,33.31088,-82.64854
McIntosh:31.69957,-81.09538,31.29095,-81.66774
Macon:32.5306,-83.83667,32.17108,-84.25586
Madison:34.27348,-82.97629,33.99893,-83.40243
Marion:32.56208,-84.39002,32.13406,-84.65893
Meriwether:33.23119,-84.49141,32.84464,-84.86462
Miller:31.25941,-84.53769,31.0682,-84.92242
Mitchell:31.44375,-83.99778,31.07715,-84.50808
Monroe:33.20263,-83.70668,32.84834,-84.12427
Montgomery:32.35383,-82.40912,31.94895,-82.65624
Morgan:33.81783,-83.27458,33.43447,-83.68731
Murray:34.98833,-84.58317,34.58319,-84.93102
Muscogee:32.60814,-84.66746,32.37419,-85.08078
Newton:33.7442,-83.67772,33.36741,-84.05404
Oconee:33.96591,-83.27593,33.69833,-83.64703
Oglethorpe:34.04667,-82.77951,33.69066,-83.30644
Paulding:34.08261,-84.72354,33.77478,-85.05031
Peach:32.69234,-83.70109,32.43939,-84.01817
Pickens:34.56366,-84.25687,34.37329,-84.65437
Pierce:31.5307,-81.99713,31.20246,-82.41725
Pike:33.20849,-84.24767,32.96854,-84.5378
Polk:34.10056,-84.92274,33.89928,-85.42185
Pulaski:32.40236,-83.29142,32.10334,-83.6158
Putnam:33.48344,-83.14353,33.16842,-83.54588
Quitman:31.99186,-84.90701,31.77099,-85.14123
Rabun:35.00066,-83.10465,34.71612,-83.66111
Randolph:31.9317,-84.53674,31.61867,-84.95886
Richmond:33.54493,-81.83259,33.22882,-82.3535
Rockdale:33.78605,-83.91446,33.52578,-84.18414
Schley:32.42809,-84.18166,32.15849,-84.43021
Screven:33.04565,-81.3892,32.48929,-81.86854
Seminole:31.07556,-84.73085,30.71149,-85.02857
Spalding:33.35259,-84.08899,33.17867,-84.5091
Stephens:34.68719,-83.10367,34.46113,-83.45977
Stewart:32.23295,-84.63132,31.92031,-85.06823
Sumter:32.2297,-83.91931,31.87345,-84.44381
Talbot:32.88179,-84.2868,32.51864,-84.70324
Taliaferro:33.73333,-82.67997,33.43837,-83.01285
Tattnall:32.31884,-81.76173,31.78261,-82.23305
Taylor:32.74946,-84.00332,32.37205,-84.45156
Telfair:32.15327,-82.64566,31.77947,-83.20749
Terrell:31.96746,-84.25832,31.62099,-84.60002
Thomas:31.07797,-83.73616,30.6584,-84.11915
Tift:31.59745,-83.33873,31.32626,-83.66667
Toombs:32.35383,-82.18214,31.91301,-82.48313
Towns:34.99249,-83.54899,34.79076,-83.94552
Treutlen:32.51251,-82.38792,32.29434,-82.74581
Troup:33.22469,-84.86153,32.86666,-85.23652
Turner:31.85409,-83.45241,31.56629,-83.80222
Twiggs:32.89822,-83.22654,32.4522,-83.61026
Union:34.98754,-83.7804,34.64209,-84.17821
Upson:33.00415,-84.12227,32.69002,-84.53364
Walker:34.98516,-85.05045,34.58197,-85.53409
Walton:33.92984,-83.5059,33.59692,-83.9822
Ware:31.46935,-82.1317,30.56848,-82.70099
Warren:33.61144,-82.38383,33.25344,-82.86113
Washington:33.23835,-82.51283,32.75796,-83.07365
Wayne:31.82919,-81.61292,31.33003,-82.14721
Webster:32.23297,-84.43121,31.91917,-84.65582
Wheeler:32.30952,-82.54365,31.91888,-82.93177
White:34.80137,-83.61658,34.5036,-83.87639
Whitfield:34.98795,-84.8107,34.61573,-85.16835
Wilcox:32.1329,-83.17744,31.84464,-83.61226
Wilkes:33.99072,-82.47952,33.59669,-82.98582
Wilkinson:33.00787,-82.94512,32.5842,-83.40699
Worth:31.84828,-83.64938,31.31842,-84.0327
