County, North, East, South, West
Adair:37.31222,-85.04384,36.92517,-85.52691
Allen:36.93411,-85.94951,36.62868,-86.41906
Anderson:38.12964,-84.79691,37.88647,-85.1702
Ballard:37.2296,-88.81618,36.91654,-89.18281
Barren:37.17005,-85.73922,36.72252,-86.17609
Bath:38.30201,-83.46344,37.99848,-83.98034
Bell:36.95572,-83.46072,36.58258,-83.95649
Boone:39.14737,-84.59932,38.7773,-84.89754
Bourbon:38.37167,-83.97058,38.06701,-84.44266
Boyd:38.50581,-82.57345,38.23536,-82.81761
Boyle:37.71709,-84.653,37.53244,-85.03966
Bracken:38.82742,-83.90395,38.5507,-84.2359
Breathitt:37.69642,-82.94838,37.33459,-83.57919
Breckinridge:38.04583,-86.15156,37.5625,-86.67826
Bullitt:38.11817,-85.42905,37.80784,-85.93801
Butler:37.39527,-86.39916,36.99967,-86.94123
Caldwell:37.3789,-87.68011,36.95158,-88.09618
Calloway:36.75067,-88.03369,36.49713,-88.48912
Campbell:39.12126,-84.23191,38.80592,-84.50611
Carlisle:36.95409,-88.81286,36.77162,-89.17942
Carroll:38.76158,-84.93439,38.58081,-85.33309
Carter:38.50416,-82.77178,38.17379,-83.34136
Casey:37.55095,-84.70677,37.10239,-85.1654
Christian:37.15929,-87.26021,36.63709,-87.73351
Clark:38.11493,-83.96627,37.82188,-84.34549
Clay:37.35727,-83.50817,36.93744,-83.96894
Clinton:36.88787,-84.97463,36.61554,-85.29607
Crittenden:37.54683,-87.80035,37.12758,-88.35806
Cumberland:36.93819,-85.21545,36.61843,-85.60065
Daviess:37.93021,-86.82254,37.56098,-87.40855
Edmonson:37.33936,-86.04906,37.05345,-86.4691
Elliott:38.26589,-82.89064,37.99959,-83.27067
Estill:37.85286,-83.72208,37.54289,-84.12472
Fayette:38.20951,-84.28572,37.84685,-84.66041
Fleming:38.52526,-83.45285,38.17462,-83.98442
Floyd:37.75433,-82.56354,37.2853,-82.9428
Franklin:38.37398,-84.72565,38.09359,-85.02436
Fulton:36.65282,-88.83473,36.49754,-89.57007
Gallatin:38.85944,-84.66009,38.66211,-85.02352
Garrard:37.8298,-84.34781,37.47304,-84.74573
Grant:38.80353,-84.47626,38.4728,-84.78576
Graves:36.94674,-88.48416,36.50073,-88.81957
Grayson:37.6204,-86.02049,37.32097,-86.66897
Green:37.47122,-85.35279,37.10945,-85.69343
Greenup:38.75608,-82.66555,38.37385,-83.16737
Hancock:37.99929,-86.62274,37.6557,-86.98567
Hardin:38.00637,-85.67617,37.4402,-86.27543
Harlan:37.02117,-82.85572,36.66489,-83.50683
Harrison:38.58231,-84.10251,38.27795,-84.5573
Hart:37.44984,-85.65142,37.14841,-86.15757
Henderson:37.97587,-87.27122,37.63824,-87.92708
Henry:38.5969,-84.87061,38.33561,-85.34255
Hickman:36.79698,-88.81307,36.50274,-89.20128
Hopkins:37.57018,-87.29566,37.10561,-87.84974
Jackson:37.58143,-83.78293,37.25065,-84.20425
Jefferson:38.38051,-85.4053,37.99853,-85.95185
Jessamine:38.00379,-84.43459,37.73042,-84.72417
Johnson:38.00007,-82.61258,37.70665,-83.00473
Kenton:39.09996,-84.41819,38.79015,-84.6235
Knott:37.52566,-82.71054,37.17313,-83.1346
Knox:37.05486,-83.57272,36.68723,-84.09456
Larue:37.73216,-85.46611,37.422,-85.89475
Laurel:37.33584,-83.86731,36.93928,-84.36824
Lawrence:38.26814,-82.46602,37.87924,-83.02456
Lee:37.72013,-83.5223,37.4887,-83.90559
Leslie:37.31193,-83.16747,36.88349,-83.55233
Letcher:37.27283,-82.56533,36.95581,-83.14899
Lewis:38.72559,-83.0277,38.31951,-83.64636
Lincoln:37.64025,-84.44662,37.23816,-84.85993
Livingston:37.42501,-88.19132,36.98083,-88.56644
Logan:37.07372,-86.61151,36.64318,-87.06076
Lyon:37.17961,-87.87691,36.86712,-88.23939
McCracken:37.22877,-88.48275,36.94234,-88.94206
McCreary:36.9635,-84.22723,36.59188,-84.77804
McLean:37.68359,-87.03815,37.38086,-87.49972
Madison:37.91713,-84.07745,37.51552,-84.52559
Magoffin:37.89454,-82.88344,37.48661,-83.26506
Marion:37.73058,-85.03017,37.41281,-85.52127
Marshall:37.06285,-88.11067,36.74606,-88.48587
Martin:37.96,-82.31195,37.66877,-82.67059
Mason:38.76801,-83.62465,38.45651,-83.99155
Meade:38.1985,-85.97642,37.79893,-86.49085
Menifee:38.05646,-83.43388,37.81948,-83.77614
Mercer:37.96963,-84.68859,37.6788,-85.03045
Metcalfe:37.18212,-85.44197,36.81811,-85.773
Monroe:36.84199,-85.43666,36.61486,-85.97699
Montgomery:38.19228,-83.75946,37.90233,-84.0808
Morgan:38.11421,-82.9609,37.71261,-83.5055
Muhlenberg:37.41599,-86.88478,37.04056,-87.38594
Nelson:37.99244,-85.15279,37.52862,-85.74212
Nicholas:38.46054,-83.83383,38.19228,-84.19421
Ohio:37.73778,-86.57935,37.21227,-87.13623
Oldham:38.52393,-85.28305,38.28535,-85.6384
Owen:38.72352,-84.58045,38.3386,-85.07394
Owsley:37.5397,-83.52141,37.25823,-83.88817
Pendleton:38.87473,-84.19538,38.52947,-84.53186
Perry:37.4386,-83.00003,36.99269,-83.55378
Pike:37.74126,-81.96803,37.19612,-82.7327
Powell:37.93284,-83.63112,37.71616,-84.02644
Pulaski:37.35578,-84.28212,36.86708,-84.90697
Robertson:38.60243,-83.93029,38.42333,-84.18372
Rockcastle:37.539,-84.13199,37.15198,-84.50297
Rowan:38.3962,-83.19987,38.01707,-83.63531
Russell:37.1861,-84.83526,36.82791,-85.27361
Scott:38.49301,-84.40182,38.11201,-84.74068
Shelby:38.35802,-84.96131,38.03701,-85.46713
Simpson:36.88293,-86.40169,36.63357,-86.76331
Spencer:38.14747,-85.10254,37.93995,-85.51426
Taylor:37.48092,-85.07379,37.19244,-85.58679
Todd:37.07545,-87.05074,36.64153,-87.33585
Trigg:37.00205,-87.65994,36.63355,-88.1573
Trimble:38.73687,-85.16844,38.4926,-85.45687
Union:37.90172,-87.73439,37.47052,-88.15929
Warren:37.19062,-86.1135,36.77618,-86.67446
Washington:37.91705,-85.00088,37.63102,-85.40135
Wayne:36.99752,-84.57254,36.60327,-85.06406
Webster:37.64753,-87.37504,37.35072,-87.94387
Whitley:36.97128,-83.87732,36.58769,-84.35145
Wolfe:37.86168,-83.24283,37.61964,-83.70808
Woodford:38.19527,-84.62488,37.84675,-84.86694
