County, North, East, South, West
Adair:40.34665,-92.34506,40.03689,-92.85637
Andrew:40.1301,-94.60274,39.8196,-95.05882
Atchison:40.58521,-95.17737,40.26171,-95.7747
Audrain:39.34779,-91.40903,39.05906,-92.31447
Barry:36.93178,-93.57423,36.49871,-94.07719
Barton:37.65358,-94.07352,37.34929,-94.61771
Bates:38.47763,-94.04989,38.02634,-94.6141
Benton:38.5353,-93.0591,38.06248,-93.52348
Bollinger:37.59929,-89.86112,37.04016,-90.22288
Boone:39.24879,-92.10437,38.64317,-92.56972
Buchanan:39.82133,-94.60114,39.53037,-95.11359
Butler:36.92684,-90.13446,36.4978,-90.67972
Caldwell:39.788,-93.7564,39.5251,-94.2109
Callaway:39.06428,-91.634,38.55793,-92.22066
Camden:38.27046,-92.40627,37.80283,-93.08216
Cape Girardeau:37.60454,-89.42132,37.12606,-89.86677
Carroll:39.61563,-93.10448,39.20691,-93.75921
Carter:37.1004,-90.66123,36.81145,-91.22482
Cass:38.84721,-94.06432,38.44548,-94.61288
Cedar:37.90099,-93.60964,37.57269,-94.0754
Chariton:39.70665,-92.68934,39.22232,-93.28721
Christian:37.09815,-92.90293,36.80918,-93.61013
Clark:40.61358,-91.41942,40.24876,-91.95081
Clay:39.45615,-94.21074,39.11105,-94.60735
Clinton:39.74779,-94.20577,39.45468,-94.60239
Cole:38.73913,-92.00726,38.32281,-92.49518
Cooper:39.06455,-92.49838,38.68018,-93.05997
Crawford:38.21114,-91.09401,37.69727,-91.53521
Dade:37.58157,-93.61603,37.28198,-94.08372
Dallas:37.90416,-92.84692,37.41485,-93.19137
Daviess:40.13663,-93.75893,39.78467,-94.2188
DeKalb:40.0393,-94.20386,39.74584,-94.60538
Dent:37.7914,-91.15334,37.41528,-91.8091
Douglas:37.07065,-92.08871,36.79407,-92.90934
Dunklin:36.6312,-89.95366,35.99568,-90.37789
Franklin:38.70841,-90.73228,38.20399,-91.36919
Gasconade:38.71325,-91.36564,38.15248,-91.64495
Gentry:40.38687,-94.21427,40.03488,-94.6066
Greene:37.42742,-93.06154,37.08869,-93.62584
Grundy:40.26631,-93.3617,39.95955,-93.76492
Harrison:40.57755,-93.76318,40.13291,-94.23235
Henry:38.56738,-93.51103,38.20107,-94.07471
Hickory:38.07197,-93.0652,37.80274,-93.57328
Holt:40.26505,-94.99125,39.86228,-95.55496
Howard:39.343,-92.43023,38.9677,-92.94585
Howell:37.05625,-91.65561,36.49838,-92.12043
Iron:37.7408,-90.53501,37.27104,-91.15507
Jackson:39.23616,-94.10482,38.83317,-94.60825
Jasper:37.36417,-94.05231,37.04813,-94.61831
Jefferson:38.50192,-90.24997,38.00358,-90.78018
Johnson:38.93682,-93.49319,38.55621,-94.12859
Knox:40.30417,-91.94747,39.94942,-92.34885
Laclede:37.89574,-92.24886,37.47294,-92.85969
Lafayette:39.2928,-93.47723,38.90883,-94.11417
Lawrence:37.29008,-93.60553,36.92283,-94.06274
Lewis:40.25721,-91.43552,39.94522,-91.95273
Lincoln:39.22703,-90.66556,38.87086,-91.26429
Linn:40.0373,-92.84748,39.69998,-93.36475
Livingston:39.96762,-93.26058,39.61131,-93.76197
McDonald:36.76656,-94.06752,36.49866,-94.61843
Macon:40.03829,-92.28831,39.60534,-92.85792
Madison:37.64364,-90.13854,37.31302,-90.54973
Maries:38.29325,-91.63055,38.01037,-92.19762
Marion:39.94823,-91.30669,39.65748,-91.84674
Mercer:40.5805,-93.36684,40.26378,-93.77477
Miller:38.43089,-92.18142,38.01634,-92.69589
Mississippi:37.06968,-89.09962,36.56422,-89.51981
Moniteau:38.92208,-92.38003,38.42773,-92.84176
Monroe:39.66261,-91.71207,39.33742,-92.31003
Montgomery:39.14745,-91.26023,38.67629,-91.64717
Morgan:38.69308,-92.62519,38.18786,-93.07784
New Madrid:36.87086,-89.32758,36.33681,-89.97118
Newton:37.0568,-94.05921,36.74782,-94.61944
Nodaway:40.57849,-94.59849,40.12613,-95.20236
Oregon:36.88911,-91.11593,36.49708,-91.67833
Osage:38.70752,-91.64031,38.28828,-92.19567
Ozark:36.8061,-92.11235,36.49741,-92.77234
Pemiscot:36.42716,-89.53484,35.99913,-89.96155
Perry:37.90534,-89.4784,37.56621,-90.14731
Pettis:38.94284,-93.05045,38.50672,-93.51276
Phelps:38.15352,-91.52504,37.59886,-92.02936
Pike:39.59839,-90.72136,39.13921,-91.4603
Platte:39.53335,-94.60035,39.15371,-95.10289
Polk:37.82943,-93.17421,37.4172,-93.6318
Pulaski:38.02118,-92.02111,37.60254,-92.41366
Putnam:40.58943,-92.67039,40.34233,-93.37515
Ralls:39.68649,-91.17801,39.31872,-91.71801
Randolph:39.61029,-92.30085,39.24645,-92.70737
Ray:39.5272,-93.75846,39.14084,-94.21251
Reynolds:37.60398,-90.73444,37.05032,-91.31387
Ripley:36.82412,-90.57489,36.49771,-91.1268
Saline:39.40251,-92.84922,38.92824,-93.49638
Schuyler:40.59727,-92.34997,40.34347,-92.71653
Scotland:40.60583,-91.94311,40.30083,-92.35136
Scott:37.25326,-89.3127,36.85952,-89.78574
Shannon:37.42273,-91.01699,36.88386,-91.65803
Shelby:39.95447,-91.84035,39.60444,-92.29932
St. Charles:38.96777,-90.10931,38.53472,-90.96446
St. Clair:38.21721,-93.49782,37.82795,-94.06567
St. Francois:38.07655,-90.11054,37.64106,-90.64787
St. Louis:38.77345,-90.16641,38.53185,-90.31882
Ste. Genevieve:38.12781,-89.92671,37.67134,-90.45732
Stoddard:37.1273,-89.68853,36.62739,-90.25856
Stone:36.99581,-93.30436,36.49814,-93.61285
Sullivan:40.38632,-92.85551,40.0331,-93.36731
Taney:36.81687,-92.76487,36.49764,-93.31533
Texas:37.60524,-91.64663,37.04881,-92.25287
Vernon:38.06006,-94.05828,37.63972,-94.61792
Warren:38.99276,-90.95854,38.54754,-91.41864
Washington:38.20663,-90.63998,37.73452,-91.10002
Wayne:37.31759,-90.11046,36.92151,-90.77955
Webster:37.48738,-92.67935,37.06705,-93.07677
Worth:40.5719,-94.21417,40.38425,-94.6323
Wright:37.48154,-92.24776,37.05965,-92.69192
